8099
2 32085 82967 
2 54094 81280 
2 10224 21888 
2 13726 94717 
2 45971 99945 
2 33603 0 
2 9 10 
2 11 19 
2 26 30 
2 34 40 
2 44 52 
2 53 57 
2 61 69 
2 72 77 
2 83 85 
2 87 89 
2 94 99 
2 119 125 
2 127 150 
2 154 156 
2 162 167 
2 169 171 
2 172 173 
2 179 186 
2 190 191 
2 194 205 
2 209 210 
2 215 218 
2 224 229 
2 243 252 
2 256 267 
2 270 274 
2 276 281 
2 282 285 
2 293 295 
2 296 299 
2 302 305 
2 307 312 
2 313 314 
2 315 319 
2 320 321 
2 324 325 
2 327 332 
2 335 339 
2 346 347 
2 352 356 
2 359 364 
2 368 371 
2 373 374 
2 379 380 
2 382 386 
2 387 389 
2 396 406 
2 413 420 
2 423 424 
2 426 427 
2 432 433 
2 439 441 
2 447 458 
2 461 473 
2 478 482 
2 485 486 
2 493 498 
2 501 502 
2 508 510 
2 514 515 
2 520 521 
2 523 524 
2 525 526 
2 529 541 
2 549 561 
2 564 569 
2 572 573 
2 574 586 
2 597 599 
2 602 609 
2 611 613 
2 617 623 
2 626 629 
2 639 651 
2 661 669 
2 670 673 
2 674 679 
2 681 685 
2 688 690 
2 693 701 
2 702 706 
2 707 713 
2 730 732 
2 734 736 
2 738 739 
2 743 744 
2 753 755 
2 756 758 
2 759 762 
2 765 767 
2 768 775 
2 776 777 
2 787 789 
2 791 793 
2 798 801 
2 802 806 
2 807 808 
2 818 819 
2 822 825 
2 829 835 
2 837 841 
2 842 844 
2 846 849 
2 852 857 
2 861 871 
2 879 883 
2 884 886 
2 887 888 
2 889 898 
2 911 913 
2 918 919 
2 922 924 
2 925 926 
2 928 933 
2 934 937 
2 941 943 
2 946 951 
2 952 962 
2 970 978 
2 981 986 
2 999 1000 
2 1001 1003 
2 1009 1012 
2 1013 1015 
2 1016 1018 
2 1026 1033 
2 1041 1043 
2 1047 1049 
2 1053 1064 
2 1066 1067 
2 1069 1073 
2 1074 1076 
2 1078 1083 
2 1085 1094 
2 1095 1096 
2 1100 1107 
2 1113 1114 
2 1116 1117 
2 1127 1139 
2 1154 1156 
2 1157 1158 
2 1173 1176 
2 1177 1181 
2 1184 1185 
2 1188 1189 
2 1191 1192 
2 1194 1195 
2 1196 1201 
2 1207 1208 
2 1211 1214 
2 1218 1223 
2 1227 1228 
2 1230 1242 
2 1245 1248 
2 1254 1266 
2 1269 1271 
2 1273 1274 
2 1277 1279 
2 1282 1285 
2 1286 1293 
2 1296 1304 
2 1305 1308 
2 1316 1323 
2 1324 1334 
2 1335 1347 
2 1349 1354 
2 1362 1366 
2 1368 1373 
2 1379 1386 
2 1402 1404 
2 1405 1408 
2 1411 1413 
2 1420 1422 
2 1426 1434 
2 1436 1438 
2 1439 1444 
2 1445 1447 
2 1451 1455 
2 1461 1466 
2 1470 1473 
2 1476 1487 
2 1491 1498 
2 1504 1505 
2 1506 1513 
2 1515 1517 
2 1518 1519 
2 1523 1526 
2 1530 1531 
2 1542 1543 
2 1544 1551 
2 1556 1559 
2 1564 1565 
2 1567 1570 
2 1572 1574 
2 1576 1582 
2 1596 1598 
2 1599 1605 
2 1614 1621 
2 1638 1639 
2 1647 1659 
2 1661 1663 
2 1667 1669 
2 1675 1684 
2 1690 1695 
2 1698 1705 
2 1709 1710 
2 1718 1720 
2 1722 1731 
2 1732 1740 
2 1744 1757 
2 1767 1769 
2 1774 1776 
2 1777 1778 
2 1783 1786 
2 1787 1795 
2 1808 1811 
2 1819 1832 
2 1833 1835 
2 1842 1854 
2 1858 1862 
2 1870 1872 
2 1874 1877 
2 1881 1882 
2 1885 1888 
2 1901 1906 
2 1911 1914 
2 1918 1934 
2 1937 1938 
2 1949 1951 
2 1952 1953 
2 1963 1965 
2 1966 1983 
2 1984 1986 
2 1988 1994 
2 1997 1998 
2 2000 2001 
2 2003 2015 
2 2025 2027 
2 2028 2029 
2 2030 2042 
2 2048 2052 
2 2059 2066 
2 2067 2070 
2 2074 2077 
2 2084 2088 
2 2091 2093 
2 2095 2097 
2 2100 2104 
2 2108 2111 
2 2112 2116 
2 2117 2129 
2 2130 2133 
2 2134 2146 
2 2148 2152 
2 2154 2158 
2 2159 2160 
2 2162 2168 
2 2171 2173 
2 2177 2180 
2 2188 2196 
2 2200 2201 
2 2202 2208 
2 2215 2216 
2 2222 2223 
2 2226 2227 
2 2228 2232 
2 2234 2235 
2 2249 2251 
2 2252 2262 
2 2287 2296 
2 2302 2305 
2 2313 2318 
2 2319 2322 
2 2329 2339 
2 2343 2347 
2 2348 2362 
2 2363 2370 
2 2375 2377 
2 2381 2387 
2 2396 2402 
2 2404 2407 
2 2422 2433 
2 2437 2439 
2 2440 2447 
2 2451 2454 
2 2457 2461 
2 2463 2479 
2 2484 2485 
2 2488 2489 
2 2498 2500 
2 2506 2511 
2 2512 2513 
2 2514 2516 
2 2517 2524 
2 2526 2536 
2 2539 2547 
2 2548 2551 
2 2553 2558 
2 2566 2576 
2 2579 2586 
2 2592 2608 
2 2610 2616 
2 2620 2623 
2 2626 2628 
2 2629 2630 
2 2631 2633 
2 2634 2639 
2 2641 2643 
2 2647 2649 
2 2650 2656 
2 2658 2659 
2 2662 2663 
2 2666 2669 
2 2671 2675 
2 2676 2692 
2 2696 2703 
2 2708 2709 
2 2710 2716 
2 2718 2722 
2 2723 2729 
2 2730 2741 
2 2742 2751 
2 2752 2757 
2 2765 2766 
2 2769 2770 
2 2771 2772 
2 2773 2774 
2 2775 2776 
2 2780 2781 
2 2784 2792 
2 2796 2797 
2 2802 2807 
2 2814 2819 
2 2820 2826 
2 2827 2831 
2 2835 2836 
2 2837 2838 
2 2840 2858 
2 2862 2863 
2 2866 2871 
2 2875 2877 
2 2880 2883 
2 2894 2896 
2 2900 2902 
2 2911 2912 
2 2919 2922 
2 2923 2925 
2 2936 2943 
2 2946 2948 
2 2949 2953 
2 2956 2959 
2 2960 2961 
2 2962 2963 
2 2973 2974 
2 2977 2983 
2 2984 2989 
2 2992 2994 
2 2997 2998 
2 2999 3001 
2 3007 3011 
2 3012 3021 
2 3024 3033 
2 3034 3036 
2 3037 3039 
2 3041 3042 
2 3050 3054 
2 3056 3061 
2 3064 3065 
2 3067 3076 
2 3077 3084 
2 3089 3092 
2 3094 3095 
2 3098 3105 
2 3109 3118 
2 3125 3128 
2 3131 3135 
2 3145 3146 
2 3151 3152 
2 3153 3163 
2 3166 3167 
2 3168 3171 
2 3174 3183 
2 3185 3186 
2 3188 3192 
2 3197 3198 
2 3202 3205 
2 3208 3222 
2 3224 3227 
2 3228 3231 
2 3233 3235 
2 3237 3247 
2 3250 3261 
2 3265 3266 
2 3267 3270 
2 3278 3282 
2 3284 3286 
2 3287 3291 
2 3294 3310 
2 3313 3315 
2 3317 3327 
2 3330 3333 
2 3340 3346 
2 3347 3348 
2 3349 3350 
2 3360 3366 
2 3368 3371 
2 3376 3377 
2 